0 0.078906 0.067969 0.157812 0.135937
1 0.217969 0.078906 0.120313 0.157812
4 0.332031 0.077344 0.107813 0.154688
0 0.475000 0.078906 0.178125 0.157812
0 0.639844 0.085938 0.151562 0.171875
1 0.794531 0.089063 0.157812 0.178125
2 0.075781 0.263281 0.151562 0.170313
2 0.229687 0.243750 0.156250 0.131250
0 0.379688 0.260156 0.143750 0.164062
5 0.510938 0.270313 0.118750 0.184375
0 0.640625 0.256250 0.140625 0.156250
0 0.800000 0.246875 0.178125 0.137500
0 0.079687 0.451562 0.159375 0.178125
0 0.243750 0.440625 0.168750 0.156250
