0 0.056250 0.064844 0.112500 0.129688
4 0.159375 0.067969 0.093750 0.135937
2 0.268750 0.052344 0.125000 0.104688
0 0.387500 0.062500 0.112500 0.125000
0 0.503906 0.046094 0.120313 0.092188
5 0.606250 0.065625 0.084375 0.131250
1 0.707812 0.067187 0.118750 0.134375
2 0.828125 0.067969 0.121875 0.135937
0 0.056250 0.184375 0.112500 0.096875
1 0.156250 0.192969 0.087500 0.114062
0 0.257812 0.200781 0.115625 0.129688
0 0.374219 0.200781 0.117188 0.129688
0 0.495312 0.191406 0.125000 0.110937
0 0.619531 0.193750 0.123438 0.115625
