1 0.103125 0.115625 0.206250 0.231250
0 0.310156 0.115625 0.207813 0.231250
5 0.478125 0.099219 0.128125 0.198437
0 0.638281 0.106250 0.192188 0.212500
0 0.826562 0.106250 0.184375 0.212500
4 0.082031 0.349219 0.164062 0.235937
2 0.269531 0.318750 0.210938 0.175000
0 0.482812 0.324219 0.215625 0.185938
1 0.674219 0.340625 0.167187 0.218750
0 0.860938 0.310937 0.206250 0.159375
2 0.100781 0.579688 0.201563 0.225000
0 0.314063 0.571875 0.225000 0.209375
0 0.525781 0.555469 0.198437 0.176563
0 0.730469 0.586719 0.210938 0.239063
